115
1 2 4 3

117
1 2 3 4

152
1 2 3 4

151
1 2 3 4

153
1 2 3 4

162
1 2 3 4

118
1 2 3 4

100
1 2 3 4

110
1 2 3 4

82
1 2 3 4

3297
1 2 3 4 5 6

2643
1 2 3 4 5 6

875
1 2 3 4 5 6

2644
1 2 3 4 5 6

1391
1 2 3 4 5 6

2647
1 2 3 4 5 6

2724
1 2 3 4 5 6

2663
1 2 3 4 5 6

2607
1 2 3 4 5 6

2724
1 2 3 4 5 6

49880
1 2 3 4 5 6 7 8

47637
1 2 3 5 7 8 6 4

49796
1 2 3 4 6 7 8 5

54413
1 2 4 7 8 6 5 3

46297
1 2 8 7 6 5 4 3

47182
1 3 7 6 5 2 4 8

51057
1 2 5 7 6 4 3 8

57176
1 4 3 8 7 6 5 2

53877
1 2 3 4 5 6 7 8

55606
1 3 4 5 2 7 6 8

3.51744e+06
1 2 6 4 3 5 8 9 7 10

3.5421e+06
1 2 3 4 5 6 7 8 9 10

3.54135e+06
1 2 3 4 5 6 7 8 9 10

3.5279e+06
1 6 10 8 9 7 5 4 2 3

3.53128e+06
1 2 3 4 5 6 7 8 9 10

3.53116e+06
1 3 2 4 5 6 7 8 10 9

3.51689e+06
1 2 3 4 5 6 7 8 9 10

3.52102e+06
1 10 8 5 7 6 9 4 3 2

3.53989e+06
1 6 9 3 10 8 7 5 4 2

3.51084e+06
1 2 3 4 5 6 7 8 9 10

5.16458e+08
1 2 3 4 5 6 7 8 9 10 11 12

5.26727e+08
1 2 8 9 10 11 12 7 6 5 4 3